14 14
1	60	91	99	58	97	29	72	36	28	32	41	36	57
0	10	69	66	46	48	23	40	27	93	65	94	18	94
0	 0	 5	99	91	13	58	46	22	62	91	46	71	10
0	 0	 0	19	31	 1	32	93	14	10	49	 1	84	58
0	 0	 0	 0	93	97	76	47	99	13	95	65	33	87
0	 0	 0	 0	 0	93	66	55	88	 1	32	75	76	78
0	 0	 0	 0	 0	 0	66	15	29	52	99	 8	55	27
0	 0	 0	 0	 0	 0	 0	90	55	79	42	64	83	83
0	 0	 0	 0	 0	 0	 0	 0	38	80	77	 2	74	 4
0	 0	 0	 0	 0	 0	 0	 0	 0	82	74	62	64	95
0	 0	 0	 0	 0	 0	 0	 0	 0	 0	97	88	58	56
0	 0	 0	 0	 0	 0	 0	 0	 0	 0	 0	58	87	35
0	 0	 0	 0	 0	 0	 0	 0	 0	 0	 0	 0	20	52
0	 0	 0	 0	 0	 0	 0	 0	 0	 0	 0	 0	 0	73
14 1
51
42
 5
13
59
 1
55
63
75
 7
79
78
57
24
