14 14
61	 0	 0	 0	 0	 0	 0	 0	 0	 0	 0	 0	 0	 0
22	56	 0	 0	 0	 0	 0	 0	 0	 0	 0	 0	 0	 0
70	57	96	 0	 0	 0	 0	 0	 0	 0	 0	 0	 0	 0
75	27	82	12	 0	 0	 0	 0	 0	 0	 0	 0	 0	 0
93	96	58	26	10	 0	 0	 0	 0	 0	 0	 0	 0	 0
54	22	42	55	29	49	 0	 0	 0	 0	 0	 0	 0	 0
64	23	10	62	63	18	77	 0	 0	 0	 0	 0	 0	 0
 4	41	62	98	90	94	12	22	 0	 0	 0	 0	 0	 0
87	36	96	92	91	 9	73	30	85	 0	 0	 0	 0	 0
15	 7	78	79	81	80	20	24	61	35	 0	 0	 0	 0
13	 2	72	83	92	58	19	78	 7	75	49	 0	 0	 0
49	89	46	34	18	76	86	24	31	24	 3	40	 0	 0
95	90	49	36	13	81	12	98	14	18	 1	91	33	 0
94	13	47	97	98	44	97	60	 4	 7	68	 2	 6	54
14 1
14
 5
20
13
43
35
76
59
46
41
44
87
17
80